  5.45690101  16.0218112
  4.92508331  6.49360922
  4.82133039  15.0174312
  5.56512157  14.6141249
  4.876903  9.29566904
  2.09273736  6.75121726
  2.12671728  0.396512248
  8.59635744  31.3130172
  8.79295115  31.1899676
  6.09665527  9.35298002
  2.69994536  6.11621527
  6.62661005  17.3954626
  4.17324756  15.3392396
  5.21339069  13.240512
  8.28249784  20.6584134
  4.11045349  10.3745951
  3.82439615  10.0751073
  6.45441391  19.4838617
  3.36972604  4.64087726
  6.01929996  13.0082869
  1.86051884  4.84657309
  4.78571645  7.12356981
  6.01492653  17.2765693
  5.50924638  12.8358056
  7.55323112  23.722513
  3.23608734  1.42355954
  3.37365263  11.4255676
  2.649468  6.25620012
  7.65622706  16.6530455
  7.11281142  26.7478641
  6.83201037  28.6243627
  2.17990881  9.00105988
  8.7982236  31.3451172
  1.04353942  2.58199127
  7.06268871  24.0982996
  5.76701882  8.8846443
  1.03801428  6.64396909
  3.06307998  4.06506246
  0.852474208  1.19053533
  0.72628828  2.52403075
  3.17538234  2.54025145
  6.4638635  24.5940509
  5.04500003  12.2988563
  5.68032872  5.11726557
  3.91162315  9.20710128
  2.62882789  14.2956546
  4.44247938  15.4648181
  4.12125086  11.3378095
  4.45342607  18.2628839
  3.56547618  6.2702538
  1.01017323  4.6231757
  6.34608944  20.4802004
  3.65386565 -2.1525541
  5.35985603  9.62039764
  3.2273425  1.02773238
  7.7340249  33.8336054
  5.28425221  7.85702067
  0.269211056  3.28372593
  5.92843459  12.9282572
  2.83415191  8.48707065
  5.53059184  16.8470728
  5.67205413  11.4822956
  6.47825423  14.3723226
  3.23254482  10.4051507
  4.30840567  14.6735636
  1.59441244  5.03507176
  8.6248688  26.0634475
  2.66736997  2.95050018
  7.48965863  26.6701463
  6.03099455  7.83367561
  5.87399797  12.8885241
  8.36079485  24.1528558
  0.635547528  1.39456906
  8.78002917  24.2385626
  3.7286377  5.31501686
  1.03644416  2.09258431
  5.3288985  16.6703402
  2.01052601  1.43372383
  0.63766866  3.00879469
  5.59115276  5.5161454
  0.699923863  2.03897697
  8.2807083  21.5524674
  4.99719901  16.2838617
  8.88976544  28.401547
  1.23908829 -6.05575159
  2.22636736  3.95421377
  8.04839152  29.3986907
  5.65173364  12.794152
  1.49083445  4.34854912
  4.6378889  14.682084
  8.01552513  26.1232548
  7.89825895  19.6265277
  6.7219179  25.1244578
  2.1447013  3.75014373
  5.32804079  13.969542
  1.92873361  3.92756626
  4.15810151  12.352617
  7.22589575  23.9382688
  1.27032182 -4.36212899
  3.29522776  6.81397087
  3.88295909  8.51064392
  1.76576817  5.56106105
  0.902958477  16.4553621
  4.74377363  12.4669767
  3.99253851  10.4139577
  6.87303315  11.0614832
  7.59924702  23.0110583
  3.59119662  7.52981091
  0.0996341701  1.47535298
  4.18245964  7.53852686
  1.04067311  2.92339212
  2.50624319  2.85971482
  1.78141884  2.74492222
  5.35767863  16.6366149
  3.01512956 -0.0347301285
  8.1637557  24.7640376
  5.06418483  20.6330497
  4.01391255  9.5272529
  6.86161851  18.0956467
  2.74064408  5.72864383
  0.538944618  1.15850485
  7.77937672  20.3835962
  0.905187913  6.88449062
  2.72240437  8.82227072
  2.20164081  14.9029709
  1.71410255  4.25954886
  5.72585249  15.8254
  8.98893417  32.9029172
  5.61171543  17.9794199
  4.80493268  14.1542481
  4.60524895  11.6771335
  7.64839492  18.8377159
  4.4627887  10.6867954
  7.75543795  12.8474309
  1.99477566  5.64672883
  5.58787111  14.3842602
  1.15919707  1.56690838
  7.78950628  17.8543357
  8.34896669  24.4845972
  8.20957631  23.1950175
  5.49214069  19.4785389
  0.68735341  7.24617193
  6.16785016  18.1513163
  4.32135612  7.52374533
  2.00919028  2.69909559
  1.77270552  0.391895473
  1.59204106  1.39179865
  0.650237949  7.04714913
  6.17090329  13.7488062
  1.06990371  8.18698221
  0.394318374  9.83461199
  8.94777772  39.577422
  0.888299526  2.70517709
  5.34968038  11.0307655
  3.71143662  4.69237045
  1.1559534  5.92341147
  8.53494609  28.8013462
  0.282357484  10.0279854
  6.35992174  24.6130429
  5.60235548  15.8664362
  0.0274017281  9.09057253
  3.41721661  6.51687029
  3.07960135  8.3188306
  8.69342419  29.4646424
  4.06777053  8.08564739
  5.20679101  13.7524044
  3.54861944  11.9618263
  6.07448377  18.8963138
  1.14211502  0.983668896
  4.79482944  15.4603825
  7.51368536  16.4239314
  2.72532349  6.55617734
  1.36847863 -0.606892888
  0.786681913  0.107254317
  3.87930722  0.601009541
  8.96007555  28.1441987
  7.7882675  16.3067136
  8.72085733  37.2798145
  8.09975966  31.6633821
  2.80013992  14.4290841
  3.19474174  6.46696926
  1.46050294 -0.751980772
  3.71753605  4.61589857
  4.68890603  12.9089848
  4.09236597  7.73701739
  6.22355575  10.7419259
  0.392034926  7.76730656
  1.01702128  1.35516879
  4.8807693  20.0531397
  2.47031571  6.39506215
  2.26223096  4.99634266
  6.42695651  11.6697364
  8.85706469  29.7886814
  7.3671909  20.8104835
  8.98708021  28.5174005
  1.3656183 -2.58855668
  5.13027761  18.2453838
  2.04536445  0.887989186
  5.30740974  10.3470282
  7.8537581  28.3992117
  7.04163415  20.731582
  4.37313347  11.0121338
  7.47304171  24.0460757
  3.94092837  3.27178622
  2.18445851  9.66175123
  4.46066976  10.8294535
  5.37890171  3.72794368
  2.81473545  0.928992645
  1.61742978  4.73747675
  5.61595242  9.48537467
  3.75386156  4.58564842
  6.03313935  12.9237752
  2.36494821  5.64544065
  3.97062236  6.74048224
  1.24606645  4.57599763
  3.8485505  0.932290391
  5.79836074  12.6568558
  5.49450867  15.204182
  2.7484965  5.08441849
  2.09247324  6.52261105
  4.99179599  8.96822607
  3.61757684  6.54376076
  2.80851258  5.61988587
  5.58944627  16.1369855
  2.64635862  8.34441511
  7.17804889  24.5107351
  8.46513668  34.7459403
  0.56902998 -2.78126651
  8.67643299  23.7048689
  5.91544538  16.9120277
  3.35781648  10.5138517
  1.04459058 -3.59578932
  7.05184626  16.6835031
  8.22729925  19.1295071
  2.45042442  5.04308147
  3.62763121  7.16480708
  2.98964089  6.65703097
  2.40829157  10.4175452
  0.214241064  7.19615671
  5.74641981  11.0588211
  5.08920643  6.94441063
  3.09055916 -0.441006247
  6.61367291  24.2653146
  3.73766397  8.09511861
  8.50452075  28.4163835
  7.10392408  25.3448157
  0.738454508 -0.212507812
  8.77998261  26.9439462
  4.74725063  12.7354339
  2.47479502  11.7601977
  5.426085  12.8668378
  6.1379245  23.938648
  3.21446171 -0.412296
  7.78249048  18.7038199
  4.71824902  3.6653013
  3.68528373  6.77500614
  0.0346878148  7.94255891
  6.59173396  15.0016258
  6.49497195  21.3645601
  5.17646197  14.3783359
  5.32610971  14.7882339
  6.18007092  13.4387185
  8.13025958  28.5410335
  0.2346277  2.20269449
  1.46059314  1.98650224
  4.27895763  11.3864874
  5.51297215  7.233697
  4.52542222  9.15648182
  6.42733632  17.4983356
  3.04727194  8.02415102
  1.2766827  2.09978022
  8.08496261  22.2183669
  6.88987674  10.9949762
  6.9959959  21.3981243
  8.58226989  36.0118265
  0.270891518  5.29976425
  7.03020742  28.2818683
  0.0828202106 -0.213094553
  6.29699514  8.86826491
  1.30522385 -6.33991702
  2.77375245  4.37202004
  0.69542064  2.94103973
  3.91381412  16.744591
  7.87774032  25.332318
  1.48895199 -1.15362173
  0.742156237  7.52231844
  1.0546727  6.04972766
  7.77867788  28.934752
  4.75520657  9.1699583
  4.56893946  8.3233845
  8.90153718  24.5967255
  7.02946701  14.0426092
  2.29293083  10.4192536
  0.921028163  5.24385487
  8.39890897  30.8590564
  8.48026594  31.5818802
  2.6494666  10.7885173
  2.66848947  9.52298152
  3.57157357  1.92299648
  2.34304165  4.46095684
  4.73460534  18.537852
  5.51408549  13.0137066
  8.80133403  37.4293796
  6.62894784  24.6069774
  7.79947001  18.0553773
  0.402331 -2.82849156
  2.40647867  9.05950159
  1.95874973  4.85577831
  8.95250625  33.0191655
  7.84847285  21.4914571
  0.367733257  2.39418299
  5.7150457  5.68310267
  4.80633299  9.66801959
  7.9061414  22.3681969
  3.54444752  10.0117221
  4.00503592  10.2083051
  0.349202387  7.70351745
  3.99242373  4.73808179
  8.22476604  26.624701
  4.40258769  8.0005582
  5.63481918  5.49577855
  4.28910875  13.2299384
  4.35353356  11.0003685
  8.93834782  27.3654655
  5.38426939  14.4357249
  5.93885423  15.2837013
  7.28168456  20.0634466
  8.30665178  22.0931523
  8.09380842  25.948346
  8.75502562  27.4815209
  2.38086736  8.42490857
  3.75797973  9.62096822
  6.7422585  23.3492734
  8.66395683  32.3724749
  1.36705249  2.25618659
  4.64570949  14.2311981
  2.69176554  4.75578281
  6.59838282  24.8556425
  8.67687542  28.4544347
  8.09591633  25.1920961
  5.8756653  11.0004424
  1.06079412 -8.36445191
  6.7404638  18.3210277
  7.76896965  28.8758189
  0.867209048  6.97914524
  0.0754631627  1.05080904
  1.49449887  4.1695007
  2.18167653  2.31983617
  7.92289845  21.8409838
  2.74789256  8.77885494
  2.97926147  13.7672154
  4.55872216  9.40221924
  3.59417994  7.24390084
  4.15043519  13.717599
  0.363412235  3.56291661
  6.68215715  21.7480069
  1.00124844 -3.46318961
  0.752836224 -2.84439495
  4.24025627  18.3171901
  6.70768171  14.8118439
  0.36271041  4.3268492
  5.11644695  15.8815323
  8.53924219  21.5659707
  8.41647669  26.2433845
  1.87485635  4.10836475
  2.07086056  5.05416775
  7.89644549  18.9092859
  2.87133153  2.01232532
  7.53429261  19.7034804
  8.09171972  26.6406704
  3.82778632  2.72593168
  1.94581907  5.75655404
  5.99768261  14.5656546
  4.09844612  0.47061275
  0.548731672  13.1801149
  8.69526718  33.0757475
  2.07234742  0.754137169
  2.39064178 -1.7848611
  4.78423185  11.1188967
  3.0382774  1.75958957
  3.93147572  11.1302284
  8.94191234  29.1755622
  3.4126414  0.683463528
  7.71754027  25.5058982
  2.64769315  5.8088921
  6.76986214  20.6695223
  5.2873744  17.0667667
  7.00869773  14.8701163
  1.13874102  3.00430912
  0.601011258  3.22830998
  4.08004404  10.2477897
  8.14600221  23.9631381
  1.11901436  4.55170358
  5.54938432  14.3085555
  2.48883674 -0.708054124
  8.93352277  28.2587385
  5.15070943  7.70962449
  2.02752129  4.57009216
  8.65587046  23.2321673
  8.51064796  29.6030004
  5.38833054  5.87586118
  0.608660063  4.87463198
  1.13728754  4.63711583
  4.74063566  13.8518258
  7.11030623  32.9155042
  5.05884096  22.3513158
  7.26983181  22.8647736
  7.19095978  24.6635067
  4.6314649  16.0381735
  8.25768312  29.2180983
  3.27766012  8.38903341
  0.174203751  1.08954633
  2.69011975  8.89316858
  7.22658268  19.5998881
  5.96313827  10.1793057
  1.81825101 -6.87635549
  0.903513116  2.78297876
  0.983082963  2.05666736
  1.32537121  0.898439592
  0.634522283  1.85594478
  7.38537018  21.4872244
  2.44016644  5.65635704
  7.95021778  22.5886898
  5.55300977  13.9260693
  8.11931207  26.6085553
  1.06921859 -3.67470398
  1.51553966  7.30216655
  8.8928582  36.4011092
  3.1818783  3.61643823
  6.54541364  20.1560634
  7.25543482  26.075253
  8.23724275  11.8092393
  0.408908611 -1.19809135
  2.0942722  12.8926416
  5.72720524  12.4637083
  3.68129386  7.8911567
  5.5990342  12.9536225
  0.758140761  12.5101011
  3.72480913  3.46696979
  8.42181893  25.5114552
  7.84802829  22.3466533
  6.30134303  20.8744975
  5.68254737  7.94857079
  7.15757082  18.344953
  8.10776608  25.8579027
  8.97275318  31.236189
  3.41273448  6.05492491
  8.26881335  19.3739901
  8.56354412  26.0906563
  6.84454101  20.4945384
  7.52110385  26.7678413
  7.24493355  14.5758901
  1.92350898  3.58166398
  2.94583888  5.43854488
  4.34369741  14.8173017
  7.32885087  24.5408492
  4.21394534  8.35892327
  4.91008061  4.43324198
  5.74898964  14.2641808
  4.84697322  12.3824824
  8.17417349  28.8387034
  4.3547622  9.12751313
  3.64899599  8.40510275
  4.19344989  8.44122966
  8.84480612  29.7629168
  7.7123745  23.0263544
  5.56311561  8.69001118
  5.93747139  18.1203463
  5.44311457  2.54513227
  5.73125762  12.5795683
  8.07845855  20.7689522
  6.02236611  15.0657236
  5.11925438  16.5970463
  7.36512737  17.6508994
  3.55040725  4.00335118
  3.52524385  6.5877686
  4.68710027  22.7764523
  7.27002347  23.7559053
  2.88716246  11.1421581
  0.945936288  5.66506758
  2.92344047  4.27379041
  3.62742965  5.59700161
  7.76202348  19.6186241
  3.49398428  6.56028813
  1.52928044  5.72835847
  7.51231569  20.3368437
  5.09715285  11.1179332
  1.342422 -2.50519735
  2.34700596 -0.692288768
  7.52485124  17.7971213
  7.16257535  22.5447739
  4.31710805  14.7060486
  3.92715555  9.36108389
  1.9045416  3.14861687
  3.13416139  4.06594181
  4.99035336  15.7324645
  5.03855238  10.7741947
  7.84553531  16.1717036
  7.45434481  25.3253173
  2.64759599  6.8036205
  0.215545397  6.56556065
  7.23185365  20.4192633
  7.839325  17.2969516
  0.0958728036  3.96882933
  1.93610998 -1.3538985
  8.51129201  27.5060724
  7.27650345  20.4720105
  6.78283806  14.9643724
  2.52455785  3.65647788
  3.92674313  6.61652375
  7.85590464  23.0337714
  5.1950788  24.8709346
  0.372606454  6.94617491
  1.82369223  7.02692666
  4.77933129  16.7893549
  4.00447718  5.73751943
  3.57255763  3.70532038
  3.25263397  9.54975878
  0.391004036  2.52666446
  8.93136964  37.9936109
  0.556335726  5.58050786
  3.58516135  3.52116344
  7.57343546  24.560541
  7.79325295  14.0027483
  8.83413504  30.5903385
  5.36247645  7.6592609
  7.35228845  18.6597446
  7.70778716  23.1849539
  2.42642667  8.09061285
  6.09507301  15.5930373
  1.05396901 -12.7787766
  4.91884539  10.0600591
  0.0830747145  4.08750662
  1.23234097  2.37919161
  4.85970339  14.5273327
  6.2143605  13.045948
  6.88331187  19.0626896
  2.02084281  1.14054425
  1.09984963  2.57464874
  0.404718694 -2.14897189
  1.31032438  6.97935649
  0.470011801 -2.91269844
  0.13219343 -2.49683369
  7.83044987  21.3244061
  2.39419637  5.37362792
  7.14402212  20.3259652
  2.14797843  2.29108503
  7.36796501  17.9860804
  4.01696359  9.19636045
  3.99858084  4.38825748
  3.74942088  7.02805451
  3.90209027  5.06158116
  8.97352644  33.4824669
  0.981391797  4.41309216
  0.642458633  8.47837459
  8.73414813  31.2675474
  3.88217249  12.692622
  2.61504134  1.94801665
  5.28848458  13.9267615
  6.89433526  24.0840013
  8.53845829  31.6958763
  1.28105593 -2.66214448
  3.85881439  2.55197085
  7.82714732  26.3158129
  4.80620057  17.099881
  1.42388167  3.91769232
  6.33563866  18.1039773
  1.41860069 -1.15441872
  4.63932686  13.1823079
  2.39353562  9.9396856
  6.10320947  17.1736495
  5.83400099  8.20953163
  8.3283354  24.7779013
  7.14567907  20.2413139
  2.87301126  5.72489736
  2.13500849  8.3573701
  4.56511453  18.6566516
  2.51786268  11.4728422
  4.28666608  9.56452168
  5.14475048  16.3881305
  6.41987136  13.2166819
  5.3006934  11.1574367
  7.0403233  24.0538427
  2.52973039  4.48862798
  4.8239199  1.68353785
  2.82267343  8.52447557
  7.87428355  25.3461576
  2.56728384  9.56112069
  4.65207846  11.6880078
  8.26746089  33.5581512
  0.271607211  6.90467643
  3.56733164  2.72861983
  6.99842655  20.7141836
  5.44230246  8.96748198
  7.20945711  29.5981471
  8.41717953  27.7584163
  3.73917102  8.22549825
  3.21638787  10.5489769
  6.80692572  20.0488353
  5.21811485  16.0562357
  0.976371737  1.90017923
  1.3478763  3.21539524
  8.21309664  29.1511796
  1.48255017  3.87784385
  2.45627645  2.55370698
  6.91834456  18.8818152
  8.57909055  30.0800768
  5.86046364  15.9733751
  5.55601521  12.482607
  2.09340726 -0.174244978
  7.45784542  19.0146053
  8.86388635  32.8833473
  3.932404  12.254593
  2.42825877  3.39052251
  7.47538122  22.6401041
  0.558186463 -0.819322305
  4.4266079  8.22630465
  7.43688712  23.2299934
  6.61729889  23.3976521
  4.68890031  12.6505824
  7.3184135  22.6710735
  0.643709712 -3.68842816
  0.974263764  0.212728438
  5.2128603  11.3503167
  2.52386073  7.76203418
  7.83638093  25.7697757
  3.29022336  8.63696559
  5.70236974  12.6425811
  2.82998411  9.50769194
  1.73852168  2.39897151
  6.15710949  15.2686807
  7.59117447  20.9536259
  4.76041331  11.2277187
  3.82112071  14.0230795
  3.19977481  0.594043115
  3.73098148  13.8015952
  6.1655831  22.8776811
  0.471357867  11.3305121
  6.09491372  13.646958
  7.22727431  25.4003466
  7.13130271  20.6859225
  6.23759922  19.6787566
  8.76771762  24.0630782
  5.02317534  9.38962585
  6.29943455  20.2536288
  8.36931406  23.1078385
  7.61001457  27.9295393
  0.200104988  7.63770631
  0.194432238  9.71475975
  8.37066373  27.062328
  2.06364331  8.28256529
  5.46398777  10.2605617
  6.64948814  20.9321766
  2.78651241  16.8604304
  3.41281166  3.44475733
  7.78575522  19.5569305
  2.92604013  10.5462383
  1.93960973  1.88765841
  3.12918929  1.92593607
  0.664895684 -1.69161729
  6.62038788  22.8551829
  0.837695215  2.82618666
  0.613484892 -1.61122405
  4.98480102  14.4809115
  0.95116836  3.58204319
  0.969274716  6.95212892
  5.67725765  13.3865263
  3.92866015  8.29043745
  4.52144087  13.3550169
  6.20681861  20.0805555
  7.60871319  22.3811634
  0.924649472  3.7937989
  5.14913134  13.5602169
  1.53613193  2.0307888
  6.16623384  14.7264719
  0.0891701812  2.67964227
  3.85958605  6.02342278
  8.83064636  29.9461767
  6.34339326  21.1756955
  1.13688245  6.48495129
  5.63398471  6.82630041
  3.3893841  7.23487494
  0.249205485  0.975191689
  6.22628646  11.8947411
  5.00736293  17.7273144
  1.4573436  3.86115471
  8.94735832  37.7880786
  4.70960038  16.4257492
  1.10999406  3.89465531
  3.44705719  3.31783278
  0.598181095  5.06395102
  5.25568511  17.5475633
  0.245880376  2.66545909
  4.08007057  12.4694512
  0.747096854  12.0451744
  0.314766004  8.24441251
  4.6021037  9.26611078
  6.16709417  13.2416755
  4.10330883  4.33998292
  4.39370142  9.24104575
  8.18278532  29.089209
  6.2455764  13.8048726
  3.65247139  5.15802965
  6.11054812  10.1998932
  7.56140539  20.4009448
  5.79344874  9.04330689
  7.44709526  25.0178652
  2.49717362  7.76107257
  3.54523155  5.66314182
  7.2377928  23.3198209
  7.91843722  25.0129413
  0.51866532  5.62368576
  1.34560711  3.28095449
  3.4771791 -1.76122564
  8.05362409  27.6503333
  1.27828661 -1.44491761
  3.34784843  8.27328665
  1.13642789  2.18519438
  6.28176116  20.1706087
  4.87672976  14.7694102
  2.0745018 -5.79850547
  5.27254169  13.8436517
  8.41277493  30.1492127
  6.39441574  16.4012417
  3.43570965 -0.907241687
  5.75055987  7.7073506
  4.47274029  8.90457971
  2.96559089  6.0772584
  6.86043611  18.1390693
  1.00808494  4.89558199
  5.77944204  16.7891221
  0.41297051  0.227994678
  8.402302  29.7706318
  0.427230835  2.8118708
  8.10192074  23.1995485
  3.41167923  3.65501592
  7.41377915  13.887917
  5.03274302  12.3665057
  3.24775306  6.605875
  4.65123838  14.3341286
  1.88249411  1.59146045
  6.73504048  20.4113652
  3.92181637  3.3027207
  1.9643501  1.87558972
  7.02339124  16.9090472
  5.8369296  17.1118124
  6.2002878  18.3103538
  4.89122846  17.9604702
  1.22050518  1.43906401
  6.02273988  19.2057201
  7.46362761  26.7183521
  5.64822735  6.2365396
  4.91209266  17.560164
  4.54863158  13.4243866
  4.13229698  5.86744382
  1.96951531 -5.66626492
  7.51287375  19.9285609
  8.85282521  26.2017507
  6.04896014  16.0511742
  1.79054718  5.83833015
  1.96713241  0.977987941
  7.30450288  21.6945187
  0.850920924  6.52540965
  7.24208267  14.7082012
  4.02642646  8.52876708
  6.31013153  19.0397754
  4.17654365  7.86159527
  6.9235018  28.5726721
  0.845656929  11.3656846
  7.49595812  25.593742
  3.0494084  6.9603065
  0.924167194 -2.28951813
  2.99124676  2.27185678
  1.18542651  1.71927597
  0.283950637  6.84843425
  6.56158326  29.2373817
  0.455178895  3.0074629
  2.89026644  7.93402415
  3.25633529  6.44057725
  6.30510223  11.388833
  5.76864372  15.3634346
  2.03400419  5.85551628
  2.88431509  2.41283359
  1.85392714  5.68689675
  2.80904593  6.18894642
  2.62664523  13.102577
  2.1598234  2.80030662
  0.838161559  3.40690982
  2.39412072  4.20445815
  7.10927871  24.5971737
  5.0780513  16.0539103
  1.11165634  1.07435275
  5.25690937  14.825601
  6.08735384  21.1601638
  7.30675917  29.3361305
  6.10540312  16.571483
  1.49534423  0.106470952
  5.17137811  18.3825324
  7.43957256  27.5548936
  1.2102248 -2.01802516
  5.09019302  17.8411399
  7.6437874  20.8248549
  8.17701245  24.9824127
  5.65751281  9.86224104
  0.58511256  4.75808702
  2.17073801  5.26463179
  8.27900993  34.9692321
  3.86676129  3.59370969
  7.52256187  22.6491741
  0.277570495  4.76579394
  8.63265522  32.0656134
  5.72864818  16.162069
  4.72932461  15.9251283
  1.80669542  4.43372325
  6.27893103  13.3862118
  3.7924131  11.3635302
  1.04539091 -1.92436535
  5.07665098  14.0056283
  8.74218037  27.3067062
  4.82628222  11.1367382
  3.58994861  11.2043158
  2.96108248  4.80001692
  6.50605871  20.4205727
  2.71968986  9.85256546
  8.15823381  21.558115
  0.606393697  9.41836057
  7.97972045  25.2284402
  7.19604711  26.0376602
  5.84299087  9.20483002
  5.00682016  15.8872145
  2.79798987  11.2792544
  4.30480723  12.700449
  4.47429171  1.24015886
  4.15567422  4.76109997
  2.79926639  7.26320417
  8.16157795  24.4330503
  4.97146455  14.2878031
  2.99151207  4.7064642
  8.52491419  28.8055178
  7.90503067  27.4104346
  3.20088197  1.1723237
  7.85797262  21.0990282
  5.58388627  17.4409292
  5.33935652  5.88296667
  2.43335839  5.40439416
  8.69603819  27.6242088
  0.726332834  5.58250534
  1.23101923  4.53829921
  7.99490689  16.6659862
  3.68746721  6.29959262
  3.96994407  10.6509241
  8.72855502  27.6330013
  7.20460546  16.5601518
  7.56814862  24.4544217
  2.62277729  14.397374
  5.87416923  6.51977381
  5.19332251  9.38720151
  7.3301283  25.2115461
  4.54631843  17.2022485
  4.67587986  11.6701178
  2.69705192  2.94503411
  4.5310573  11.3430181
  7.50252803  19.2470462
  4.70895805  15.6866542
  4.41860731  5.24982807
  8.92981194  33.5815658
  7.92862139  14.3454589
  8.71541535  21.9823515
  7.05142577  27.9688414
  5.66703581  4.14871247
  4.98333331  13.9966709
  3.1702879  9.02392484
  1.55923098  4.25029719
  3.70935366  8.61655517
  5.2084171  17.1331531
  0.283467491 -4.71645627
  1.8053056 -1.78524334
  7.77600711  18.4733632
  1.64912794 -7.73057107
  8.40582951  28.3636158
  8.12512318  27.3548731
  3.46666226  4.80489738
  4.77744066  7.17783847
  0.30840771  4.61705226
  7.93608932  26.9410406
  4.80913924  13.1821945
  0.0617519491 -2.95711566
  7.30336593  15.6593101
  2.97814228  11.6637334
  1.94581351  1.52860931
  8.52681679  28.5546181
  3.67551662 -0.227995192
  3.27896293  5.2994791
  2.17743914 -1.08952528
  8.14766943  26.3074649
  6.39313627  22.3806488
  4.43754411  8.33715988
  2.08314392  5.96028931
  0.421278615  7.67971776
  0.566827753  2.13004713
