  4.04604522  9.45136903
  5.09896587  9.54564588
  0.211718847  4.71877071
  3.333782  10.4604546
  5.16702838  13.3833133
  0.586583437  9.0731105
  1.2422099  1.65383858
  0.490103636  3.49824247
  0.883734274  0.49900855
  1.47465773  4.98348916
  1.96061969  3.80393132
  0.600059353  7.41897421
  2.9790084 -0.931575762
  0.360987106  6.56194025
  0.67229277  4.82069209
  1.05613286  7.44153988
  0.844232018  1.32604306
  2.26849502  5.18536351
  0.908907359  4.04092273
  3.99246132  10.1799013
  5.54401943  12.397388
  4.21285702  10.3139793
  3.50293816  5.82187727
  4.54191541  19.1556779
  0.166071477  2.75232936
  4.10215894  7.94577347
  3.10352553  8.96804954
  3.45646063  5.31316507
  1.01868532 -1.98157751
  4.28108632  5.92102306
  0.196250872 -3.0501852
  1.90329995 -4.7074056
  5.23842044  11.2222036
  2.03214516  9.94374575
  0.689318259  4.64163389
  5.24929757  13.0360552
  5.37042092  6.00086389
  4.34641382  10.4315028
  2.12864234  0.304768426
  5.64618403  15.8657089
  2.48389395  10.0830576
  5.27632629  18.5864109
  4.60434249  18.9607321
  0.229042523  6.66462716
  0.3852446  6.04935119
  5.18298657  10.0961778
  3.41114315  6.79363654
  2.74057649  6.85001994
  2.49136683  7.66367364
  4.19051441  8.40630876
  1.52518055 -0.101703038
  3.39365843  4.95660951
  5.92559075  10.319893
  1.15992229 -1.42691666
  4.95971552  7.81170818
  2.78466  6.96141478
  2.39878616  3.06928897
  2.49502355  2.536948
  3.06225268  4.29550115
  2.67006332  11.0556364
  4.43812228  7.05734469
  0.0928719286  9.07590831
  4.81556581  18.0911454
  1.41885358 -0.093311547
  4.52598379  12.9322666
  0.75123219  3.4914362
  1.20512949  3.077888
  2.95319282  6.67217601
  5.7115431  11.5349269
  0.345582129 -0.397777311
  2.71545702  11.4001537
  2.98987505  5.7122068
  1.25748883  1.57291243
  3.08814575  8.1374545
  4.0178445  11.7419324
  3.39506259  11.3051933
  5.88441064  9.60971253
  3.18145774  15.7989696
  0.91202128  7.40604473
  0.464803588  17.6832251
  4.17534017  6.73106477
  5.17895913  14.6228796
  1.58420659 -3.16818653
  3.94383091  2.51623098
  2.70294836  7.58850315
  0.365124302  2.97616218
  1.24407239  2.78391575
  2.59514217  15.8466386
  3.44189894  4.62999052
  5.46761916  6.080233
  0.203112555  6.53987905
  5.13286112  15.158308
  1.02885822 -4.21863481
  3.01399058  0.689978392
  4.45691826  9.00577175
  0.330880132  8.56756371
  1.43266107  5.48203549
  3.64538713  0.723968274
  4.83385958  12.8544779
  1.11978413  8.97389739
  2.5971332  7.53562155
  3.69981101  4.91696139
  5.77267345  17.118002
  4.48455561  8.33670096
  0.619069713  2.41864856
  4.37740128  11.6439519
  3.79145774  5.75428098
  1.97556096  9.64885387
  4.0238698  11.0992252
  3.80024827  12.8566579
  4.71057168  14.1257863
  4.64531807  15.450044
  5.70132783  13.793773
  2.27923932  13.4595351
  3.69194249  10.4729367
  1.22354516  1.32267121
  3.06408054  11.4894468
  4.10043572  11.2140164
  5.15727828  16.7745644
  5.34299083  13.8286071
  3.99121061  14.5598366
  2.1434809 -2.73845951
  0.647687179  7.84930509
  2.62854541  5.22708065
  1.11950643  3.24384041
  0.644539917  0.129004785
  5.68720274  9.20169681
  1.46213352  4.64066388
  2.04487805 -2.64544015
  2.41627012  7.21174825
  1.71271556  5.58883358
  4.23588793  4.57981554
  1.99642952  3.71505521
  3.83732313  8.41990485
  4.13281118  14.6230534
  0.906104598  3.50473301
  4.54568737  9.91811329
  1.92387803  0.93495292
  0.578014252  10.2672835
  5.66047903  11.5631879
  0.91348537  1.66456312
  2.79570583 -0.343677894
  4.40493888  20.4138236
  4.51112385  7.54997959
  1.43700557 -7.35899683
  5.84926516  9.43305994
  3.51684529  3.75911821
  2.62586761  10.6657329
  5.75947556  9.5997341
  0.950329201  2.37855741
  1.56310273 -5.6312413
  3.21033489  5.60791946
  5.30502194  12.3983647
  0.958643949  4.25869187
  3.58005859  13.5601039
  4.75330762  13.409804
  0.601180173  6.62009527
  2.89711761  16.9086891
  5.13581379  15.7754315
  4.44786766  11.0935074
  1.01156051  10.7063769
  2.07804133  1.90759295
  5.04140445  15.8665948
  4.60082062  12.5576195
  1.44117032  3.55076377
  0.498841139  8.24419147
  4.69088974  11.7239884
  3.84290094  11.292188
  5.57689257  16.4621309
  1.81986116 -1.11953041
  2.09284606  0.187279855
  5.95225822  11.5030782
  0.225620619  3.32112402
  0.236678073  7.80985576
  3.65576741  8.32995127
  4.10372482  5.00428869
  4.3125492  10.3636916
  3.55944678  13.492416
  1.78987203  1.19820319
  3.35636464  8.94803082
  1.10212171 -2.07151654
  1.8117774 -5.44706803
  1.38781528 -6.79426044
  3.19180324  8.07827324
  3.20413372 -1.66305606
  5.66164345  14.2287854
  1.24680881 -3.49108987
  2.91583914  15.9141789
  4.92749274  15.4638179
  5.99682131  17.4661477
  1.49464594  4.9806312
  5.73583644  6.99463758
  5.54413424  12.2097068
  2.95736091  8.19702784
  3.08213328  11.8067076
  0.326398596 -1.60915863
  2.02559389  11.0860333
  3.73758769  3.56423854
  4.40442865  14.2955591
  3.69582352  9.47766844
  2.81473612  5.03732104
  5.47013583  11.5832958
  3.1137852  5.34004803
  0.165839933 -1.55512615
  3.19513883  5.28859716
  0.504512647  7.57748639
  2.18620181 -2.71640644
  4.27712489  3.15070192
  3.82063448  10.4296526
  2.39269435  3.54520166
  4.30447972  12.7042927
  4.43310267  15.8134489
  0.967507272  8.80779405
  3.89425297  6.78397101
  5.62018544  12.4022944
  3.09452479  7.92585452
  0.0718467264 -2.33868567
  3.31351457  7.34789104
  2.95701988  10.304885
  0.337331392  6.1232373
  5.11455742  10.5835354
  4.48124867  5.75486968
  1.51809372  0.979371106
  4.58629378  5.5724366
  5.41652502  11.5479271
  0.693389012  7.87064389
  1.1596091 -0.918967309
  1.33693828  1.67630891
  2.40643851  16.5427107
  3.91928545  6.06130743
  2.29344746  10.1433192
  5.67825127  11.6847246
  1.92376878  4.07790162
  3.59198718  6.27888236
  3.48116371  8.532887
  3.42866557  10.6310866
  2.61940329  11.7305307
  0.293057213 -3.81171003
  1.78188661  2.16728516
  2.69782798  11.4772091
  2.0164372  0.14065341
  4.64441803  15.4445035
  3.91662541  4.9389795
  0.686648101 -6.12018819
  2.79362053  8.95693585
  2.71972858  8.81339946
  5.31148277  13.6434306
  3.53812845  7.63589611
  4.85396174  14.6769774
  0.28779245  4.69409652
  5.08227382  5.86896871
  0.0514757708  4.99053591
  1.74098749 -0.238286051
  3.20049735  14.6251451
  2.02305167  5.92076976
  3.07199359  2.34989596
  2.96515862  7.50569004
  4.2377858  12.4403285
  3.66103892  8.56451545
  5.36925606  12.2023758
  4.80294247  10.3270865
  1.72215706  2.86817461
  5.44046568  16.7247921
  5.81606308  11.2170559
  3.13104134  11.4765704
  0.215200385 -0.464212557
  2.0978136  5.01376156
  0.680676542  3.80420231
  0.858277283  3.60554473
  0.608659426  3.27339887
  0.290966333  6.59095627
  5.84483797  15.1631929
  1.51763314  7.50826094
  1.92252797  9.10807634
  4.54476613  12.7247817
  4.76006734  14.587553
  1.58094975  1.53529326
  4.12267687  6.11753261
  5.57547677  10.9963367
  1.95474314  6.93234573
  3.05877954  2.3298911
  4.27051226  12.7740094
  3.05665268  2.25524951
  4.90446369  10.7769641
  4.94789622  12.8557419
  5.31716501  6.1442237
  1.8889143  9.30132874
  0.0781897567  0.880393327
  1.08896084  2.40985862
  5.85471143  15.43273
  2.03612979  3.88568806
  3.97266836  6.77563149
  2.99684404  10.696688
  2.13692519  7.18971067
  4.99050286  11.0636853
  2.94763786  8.39367223
  1.22610458  0.699227245
  0.68206059  1.61980362
  2.92906692  5.28144742
  0.674314253  3.80798462
